1
S
62.8
-48.2
94.9
7.3
-38.5
-46.3
-67.6
-33.5
19.9
-88.2
49.3
-11.2
0.0
0.0
0.0
0.0
0.0
0.0
0.0
0.0
0.0
0.0
0.0
0.0
-38.7
-92.4
-97.2
-39.7
-13.3
94.4
-78.1
-44.9
38.4
72.2
-96.1
-7.7
57.4
3.7
59.6
3.5
94.1
29.4
90.7
-91.5
44.0
-36.1
59.0
-97.9
-70.6
-29.3
19.8
-68.9
4.5
-41.1
10.6
-54.1
-66.8
50.5
-52.4
-93.1
24.4
-3.4
41.9
32.1
20.7
60.6
-40.6
-96.9
-66.6
-90.0
-12.9
-38.9
-16.3
1.2
-39.1
-73.7
76.7
34.4
-33.7
-91.6
-12.4
-94.3
50.0
-83.5
-73.4
77.2
-64.3
-20.7
-63.6
-72.7
45.2
83.8
88.8
88.2
4.7
47.1
-21.6
-37.1
59.6
-78.6
26.3
-16.3
51.0
-87.5
59.4
91.7
-41.2
-92.0
49.5
-8.2
-64.0
-53.8
-21.5
45.2
47.0
-37.1
-74.6
96.1
63.8
29.4
-50.1
-14.6
85.9
-91.3
-91.5
5.6
-11.8
79.2
-77.3
-37.6
-48.7
-1.5
-39.1
-31.0
-96.0
74.8
44.7
-92.1
89.2
-11.9
72.0
-49.9
-66.1
-1.6
1
S
23
-8
-93
46
84
-94
-56
-88
20
-15
-8
44
-38
-88
-63
-96
-30
82
70
-10
1
-6
-16
-8
-38
-40
-99
83
19
66
-47
-9
71
17
-21
59
-16
35
49
92
-70
39
10
41
67
-60
92
-31
45
13
-86
-87
91
29
-3
4
-19
27
29
60
14
-29
33
91
97
-67
73
94
86
41
-44
79
13
5
60
7
64
-98
34
-24
11
-2
-36
-1
-75
24
-51
88
-79
93
-6
-38
-48
34
-27
15
-68
91
2
-87
-7
-90
76
-66
47
92
-52
-22
10
-21
-29
68
-17
-26
-76
-92
-5
91
98
19
60
91
-20
80
80
-93
73
98
-30
-69
93
-73
-2
-67
52
36
-38
-64
70
28
2
-72
53
-67
1
M
23
-8
-93
46
84
-94
-56
-88
20
-15
-8
44
-38
-88
-63
-96
-30
82
70
-10
1
-6
-16
-8
-38
-40
-99
83
19
66
-47
-9
71
17
-21
59
-16
35
49
92
-70
39
10
41
67
-60
92
-31
45
13
-86
-87
91
29
-3
4
-19
27
29
60
14
-29
33
91
97
-67
73
94
86
41
-44
79
13
5
60
7
64
-98
34
-24
11
-2
-36
-1
-75
24
-51
88
-79
93
-6
-38
-48
34
-27
15
-68
91
2
-87
-7
-90
76
-66
47
92
-52
-22
10
-21
-29
68
-17
-26
-76
-92
-5
91
98
19
60
91
-20
80
80
-93
73
98
-30
-69
93
-73
-2
-67
52
36
-38
-64
70
28
2
-72
53
-67
